55110
8194
5245
5723
7980
5367
5993
6283
4970
5296
5547
6015
5699
6488
4971
5340
4656
8926
5883
5136
5135
5016
4713
5063
5061
6247
6274
5684
7402
5463
6298
5459
7615
4824
5061
5676
5422
4961
4697
7180
4986
5795
5782
4981
5661
5061
5447
5384
5041
4597
7303
4648
5196
4609
5366
6278
4970
5363
5352
4962
4664
6825
5836
6060
5472
5215
5020
4854
5743
4850
4888
6344
4637
6053
5825
4422
4829
4692
5244
6373
4696
5202
5533
4924
5628
5213
5395
5789
4974
5180
5241
5078
5659
4326
5482
5903
5146
5054
5041
5454
