52271
6477
1858
1940
1726
1963
1829
1948
1750
1954
1747
1647
1638
1614
1651
1599
1603
1624
1601
1621
1708
1584
1659
1628
1604
1621
1655
1624
1628
1911
1746
2004
1741
1975
1810
1951
1749
1963
1799
1632
1657
1601
1626
1655
1647
1603
1713
1690
1674
1662
1634
1617
1629
1624
1624
1645
1810
1648
1628
1618
1607
2007
1755
1979
1751
1937
1732
1949
1732
1932
1803
1605
1637
1649
1606
1646
1617
1601
1652
1655
1612
1590
1632
1646
1652
1686
1635
1582
1679
1631
1653
1593
1606
1980
1771
1992
1726
1978
1840
2939
