54485
7466
2809
2862
2676
2869
2660
2843
2268
2906
2661
2500
2453
2414
2434
2517
2463
2452
2441
2490
2459
2434
2452
2465
2458
2483
2462
2456
2539
2925
2650
2845
2633
2814
2672
2469
2302
2566
2352
2454
2076
2012
2077
2076
2125
2136
2068
2081
184107
2606
2309
2468
2373
2170
2115
2103
2128
2059
2073
2082
2069
4136
2072
1955
2068
2077
2166
1953
2057
2093
2068
2157
2453
2084
2057
2146
2190
2079
2115
2064
2113
2111
2069
2043
2075
2034
2077
2131
2113
2043
2174
2042
2060
2565
2099
2089
2092
2063
2252
3712
