39252
10941
6966
5506
5506
5975
7319
5380
5606
5460
5251
5233
5622
5499
5163
4951
4988
7481
4871
6057
5590
4805
4875
5504
5708
6504
5371
4997
8159
5204
5345
5502
5110
5370
5241
5209
5068
5257
5878
5535
6878
6163
5087
5092
5277
5481
5987
5339
5067
5315
5665
6952
4909
6616
4557
5686
5236
6801
5971
6366
5591
6079
7369
6040
5456
5285
5629
5953
5407
5150
5112
4916
5854
6053
5351
5116
5130
7334
5652
5228
4902
4770
5290
5397
5454
5217
5667
5314
5375
6651
5441
5720
4837
5039
5318
5492
5549
5232
5484
5571
