27273
6332
15282
3842
3808
3866
3661
3906
3942
3663
3912
3889
4744
3881
4083
4063
3841
4498
4049
3794
3668
3939
4052
3935
3835
4158
3893
3881
3630
3660
3960
3939
3308
3280
3247
3289
3314
3242
3164
3271
3248
3251
3258
3664
3262
3272
3259
3242
3349
3287
3216
3308
3297
3668
3248
3283
3284
3691
3669
3637
3551
3409
3218
3690
3672
3706
3655
3253
3716
3649
3739
3305
3633
3243
3261
3391
3383
3342
3252
3317
3705
3258
3308
3284
3667
3279
3296
3319
3657
3301
3646
3286
3264
3360
3729
3676
3362
3317
3658
3270
