24584
16474
2859
2506
2809
2799
3085
2856
2897
2782
2683
2798
3055
2808
2595
2770
2968
3025
2913
3050
2852
2883
2899
2684
2635
2659
2535
3008
3068
3101
2754
2659
2141
2161
2151
2169
2132
2170
2128
2133
2126
2207
2137
2179
2206
2145
2156
2171
2145
2133
2153
2192
2129
2176
2161
2140
2131
1992
2181
2159
2179
2140
2147
2126
2151
2146
2169
2211
2135
2170
2241
2143
2136
2121
2147
2150
2177
2151
2148
2143
2186
2166
2160
2130
2148
2147
2142
2126
2134
2163
2148
2131
2186
2189
2146
2138
2210
2150
2163
2173
