52643
4074
1427
1393
1408
1480
1420
1390
1414
1401
1411
1401
1386
1374
1405
1434
1385
1400
1413
1391
1384
1406
1374
1382
1375
1394
1382
1384
1376
1398
1370
1368
1391
1366
1380
1389
1386
1368
1417
1377
1377
1389
1364
1372
1395
1389
1395
1390
1394
1377
1395
1411
1372
1380
1374
1378
1376
1408
1410
1404
1421
1412
1367
1396
1380
1394
1426
1394
1373
1397
1383
1409
1375
1385
1367
1369
1371
1376
1387
1427
1410
1396
1413
1372
1412
1367
1383
1382
1409
1386
1404
1389
1415
1367
1388
1387
1374
1365
1380
1379
