57699
6488
2164
2285
2059
2293
2026
2290
1875
1874
1862
1873
1875
1889
1933
1843
1864
1902
2349
1875
1862
2244
1875
1881
1867
1832
2264
1879
2250
1861
1848
1894
1839
1860
2265
2256
1859
2249
1896
1865
1911
1852
1926
1746
1854
1849
1780
1858
1891
1864
1863
1876
1868
1849
1885
1838
1847
1864
1860
1885
1886
1842
1862
2275
1905
1877
1869
1859
2296
1848
1854
2290
1867
1867
2247
1846
1861
2234
1853
2249
1857
1886
1861
1878
1864
1857
1887
1863
1865
1755
1867
1838
2227
2247
1854
1866
2232
2273
1869
1859
