21024
9958
5536
5311
5653
5246
4764
4705
4856
5010
4970
4396
4805
5139
4915
4868
6060
4935
4406
4810
5340
4908
5153
6867
4849
4965
4790
4542
4821
5050
4487
5134
4889
4569
4749
4860
4395
4402
6401
5002
4719
4855
4644
4754
4688
4596
5080
4725
4689
4838
4804
4335
4840
6540
5465
5402
5133
4658
4708
5523
5137
4932
4666
4886
5132
4961
4691
5053
4743
4906
5049
4724
4973
6795
4656
4673
5069
4942
5142
4649
4866
4892
4844
4649
4943
5357
4951
4622
5103
4708
4838
4619
4803
4785
4934
4491
4785
4704
5125
4583
