60123
7398
2518
2189
2584
2161
2226
1999
2616
1999
2210
1815
2411
2007
2201
2007
2235
2016
2570
2021
2580
2051
2175
1846
2163
1707
1772
1868
2180
1821
1720
1820
1809
1807
1816
1725
1814
1820
1811
1803
1826
1808
1800
2203
2233
2391
2185
2361
2202
2013
2198
2044
2542
2411
2217
2198
1791
2179
1799
1833
1828
2179
1815
1849
1801
1833
1824
2177
1820
1819
1814
1857
2193
1823
2175
1822
2623
2003
2283
2404
2186
2003
2232
2356
2221
2394
1831
1808
2170
1801
2207
1733
2176
1807
1816
1860
1803
2181
1814
3626
