19426
8484
5318
6914
5206
6958
7280
4967
5422
4693
4990
4834
5349
7058
5130
6797
5386
6917
5480
6576
4805
6773
9045
6794
4860
5783
4834
6664
4981
6572
4861
6377
5383
6754
4712
6447
4830
8576
4415
6484
4598
7300
5744
6748
5006
7068
5054
6677
5376
6553
4564
6537
6410
6720
5219
6984
4994
6565
4695
6522
4954
6803
4943
6354
4386
6548
4861
6495
4917
7333
4598
6813
4978
6290
4815
7116
5297
6912
4843
6742
4725
6353
4957
6676
5019
6652
4808
5401
4802
6578
4924
6637
4816
6354
4990
6658
5173
6623
4802
6462
