58306
6360
1622
1780
1501
1736
1577
1743
1597
1781
1525
1397
1399
1409
1387
1389
1403
1393
1409
1392
1396
1740
1549
1747
1552
1755
1524
1752
1512
1731
1542
1397
1409
1395
1401
1396
1402
1448
1400
1415
1445
1387
1462
1398
1404
1398
1396
1416
1390
1461
1398
1405
1445
1416
1799
1718
1528
1715
1530
1713
1513
1714
1549
1403
1393
1395
1398
1395
1449
1393
1397
1397
1393
1397
1397
1428
1410
1433
1409
1425
1394
1390
1412
1399
1393
1766
1521
1717
1559
1743
1540
1759
1520
1725
1515
1394
1396
1399
1392
2736
