26523
6925
2945
2883
2701
2665
2686
2952
2627
2964
2718
3661
2627
2637
3071
3029
2776
2662
2774
2614
2518
2511
2834
3018
2637
2617
2596
2638
2767
2585
2899
2608
2097
2128
2083
2155
2132
2131
2115
2097
2130
2131
2108
2180
2096
2128
2132
2140
2097
2135
2081
2127
2085
2147
2098
2118
2088
2092
2142
2122
2134
2100
2156
2118
2133
2130
2100
2080
2132
2140
2109
2096
2119
2112
2123
2084
2131
2084
2132
2119
2179
2145
2133
2113
2163
2153
2132
2132
2119
2099
2139
2107
2093
2161
2111
2106
2107
2107
2153
2096
