26541
6881
2665
2551
3036
2712
2778
2548
2582
2550
3042
2649
2888
2909
2627
2854
2868
2523
2708
2571
2755
2618
2538
3037
2698
2787
2544
2643
2713
2776
2542
2731
2111
2120
2110
2104
2129
2128
2123
2111
2128
2119
2113
2086
2129
2145
2108
2125
2147
2109
2095
2115
2132
2170
2117
2121
2124
2118
2123
2113
2132
2092
2119
2120
2110
2134
2158
2134
2141
2122
2128
2142
2173
2119
2123
2104
2094
2111
2120
2111
2145
2145
2160
2083
2139
2130
2137
2094
2156
2107
2122
2124
2121
2092
2141
2123
2105
2129
2102
2124
