53880
4077
1408
1454
1424
1423
1411
1445
1409
1444
1421
1335
1424
1416
1453
1421
1400
1464
1392
1433
1431
1416
1409
1419
1402
1462
1396
1417
1404
1409
1420
1438
1427
1428
1423
1402
1421
1409
1412
1427
1445
1409
1423
1408
1422
1426
1429
1416
1414
1412
1421
1420
1413
1410
1418
1402
1442
1406
1430
1429
1418
1437
1428
1401
1433
1416
1394
1421
1411
1410
1432
1412
1419
1430
1410
1415
1438
1415
1411
1421
1405
1408
1445
1416
1424
1405
1414
1413
1428
1396
1422
1400
1450
1409
1434
1400
1432
1396
1420
1413
