48195
5928
1459
1418
1424
1437
1461
1456
1407
1421
1302
1429
1443
1412
1454
1401
1453
1422
1424
1398
1415
1428
1394
1412
1388
1419
1410
1409
1446
1417
1420
1483
1410
1418
1389
1434
1410
1456
1419
1429
1397
1425
1400
1497
1407
1421
1405
1439
1434
1400
1414
1408
1393
1462
1424
1426
1433
1422
1394
1420
1451
1399
1407
1420
1447
1389
1424
1436
1421
1409
1418
1441
1410
1404
1428
1439
1409
1416
1413
1427
1393
1424
1462
1448
1453
1405
1417
1419
1390
1419
1392
1405
1425
1427
1451
1419
1391
1414
1392
1419
